345.755
344.839
343.85
342.897
342.322
341.176
340.082
339.339
338.332
337.305
336.252
335.384
334.334
333.579
332.391
331.383
330.564
329.586
328.777
327.432
326.925
326.08
325.119
324.048
322.909
322.094
321.065
320.164
319.115
317.855
317.239
316.228
315.538
314.3
313.401
312.519
311.358
310.303
309.274
308.198
307.227
306.09
305.036
304.09
303.019
301.896
300.648
299.737
298.608
297.472
296.347
295.352
294.135
293.104
291.979
290.854
289.615
288.595
287.341
286.428
285.314
284.295
283.258
282.168
281.125
280.013
279.099
277.864
277.015
275.975
274.706
273.881
273.035
271.924
271.066
270.143
269.059
267.986
267.317
266.108
265.364
264.328
263.724
262.518
261.636
260.939
260.054
259.212
258.222
257.654
256.581
255.738
254.985
254.323
253.361
252.613
251.874
251.279
250.275
249.508
249.107
248.365
247.65
246.724
246.31
245.564
244.883
244.088
243.686
243.147
242.27
241.795
241.224
240.882
240.058
239.739
239.244
238.562
238.128
237.963
237.482
237.1
236.576
236.409
235.99
235.608
235.589
235.143
234.854
234.509
234.408
234.476
234.084
233.637
233.668
233.498
233.377
233.276
233.157
232.919
232.779
232.843
233.054
232.694
232.809
232.813
232.873
232.476
232.837
232.728
232.656
232.872
232.803
232.908
232.812
232.978
233.117
232.97
233.276
233.198
233.488
233.626
233.849
233.883
233.874
234.063
234.205
234.383
234.691
234.662
234.966
235.218
235.242
235.525
235.527
235.654
235.663
236.316
236.21
236.528
236.696
236.965
236.97
237.286
237.222
237.571
237.714
237.872
238.122
238.482
238.736
238.847
238.708
238.99
239.34
239.258
239.519
239.704
240.1
240.107
240.258
240.424
240.316
240.794
240.953
240.813
241.382
241.583
241.46
241.836
241.964
242.198
242.447
242.472
242.643
242.685
243.029
243.312
243.362
243.804
243.912
243.862
244.347
244.603
244.855
244.877
245.119
245.338
245.399
245.81
246.155
246.373
246.726
247.009
247.217
247.669
248.183
248.471
248.613
249.13
249.433
249.893
250.111
250.586
250.995
251.543
251.995
252.065
252.995
253.408
253.76
254.334
255.053
255.513
255.927
256.706
257.153
258.017
258.623
259.094
259.89
260.606
261.436
261.75
262.694
263.174
263.991
264.38
265.271
265.823
266.693
267.171
267.852
268.556
269.368
269.746
270.787
271.478
272.129
272.848
273.485
274.389
274.773
275.4
276.095
276.635
277.062
277.832
278.228
278.829
279.418
280.085
280.772
281.031
281.717
282.191
282.397
282.917
283.384
283.786
284.144
284.32
284.835
285.264
285.659
285.712
286.377
286.532
286.67
286.971
287.099
287.579
287.811
287.817
287.961
288.064
288.637
288.455
288.74
289.101
289.099
289.297
289.174
289.357
289.533
289.254
289.654
289.614
289.634
289.767
289.765
289.824
289.894
290.042
290.172
290.235
290.581
290.898
290.855
291.369
291.548
291.643
291.957
292.123
292.7
292.464
293.181
293.075
293.582
293.832
294.073
294.746
294.769
295.326
295.816
295.915
296.556
296.632
297.134
297.768
298.014
298.526
299.349
299.489
299.93
300.384
300.814
301.383
301.794
302.524
302.947
303.569
304.177
304.782
305.411
306.043
306.62
307.261
307.903
308.283
309.209
309.654
310.379
311.141
312.004
312.628
313.085
313.95
314.512
315.028
315.579
316.426
317.029
318.108
318.452
319.598
320.107
320.867
321.343
322.043
322.664
323.493
324.232
324.949
325.549
326.071
327.042
327.367
328.276
328.525
329.296
329.851
330.603
331.26
331.918
332.915
333.333
334.276
334.511
335.327
335.878
336.745
337.433
337.839
338.547
339.093
339.412
340.411
341.061
341.7
342.357
342.925
343.346
344.093
344.513
345.132
345.391
345.966
346.642
347.022
347.783
348.217
348.75
349.451
350.055
350.462
350.925
351.396
351.818
352.434
353.183
353.594
354.139
354.517
355.087
355.53
356.159
356.705
357.102
357.512
358.194
358.574
359.048
359.544
359.87
360.347
360.635
360.839
360.954
361.791
361.718
362.109
362.424
362.491
362.84
362.909
363.301
363.583
363.453
363.695
363.862
363.675
363.794
363.864
363.692
363.89
363.834
364.138
363.941
363.859
363.684
363.898
363.552
363.74
363.424
363.493
363.278
363.181
362.899
362.836
362.839
362.257
362.185
362.12
361.872
361.736
361.527
361.098
360.921
360.421
360.449
360.049
359.628
359.609
359.144
358.861
358.623
358.351
357.92
357.789
357.439
357.257
357.101
356.761
356.23
356.289
355.985
355.71
355.39
355.284
355.111
354.958
354.702
354.431
354.076
354.148
353.858
353.537
353.463
353.269
353.257
353.081
352.962
352.749
352.736
352.467
352.206
352.065
352.009
351.85
351.82
351.691
351.401
351.404
351.301
351.331
350.928
350.941
350.774
350.713
350.588
350.628
350.354
350.286
350.34
350.001
350.04
350.044
349.992
349.808
350.005
349.387
349.069
348.792
348.669
347.62
347.497
347.34
347.141
346.74
346.251
346.193
345.813
345.711
345.338
345.497
345.394
345.25
345.592
345.618
345.588
345.793
345.897
346.467
346.505
346.766
346.905
347.111
347.518
347.578
347.818
348.092
348.42
348.908
349.254
349.738
350.121
350.296
350.818
351.203
351.694
352.269
352.561
353.08
353.615
353.914
354.622
354.68
355.104
355.783
356.181
356.575
357.249
358.051
358.309
358.951
359.412
360.041
360.39
361.001
361.418
361.866
362.358
363.037
363.16
363.79
364.254
364.435
364.836
365.319
365.686
365.995
366.497
366.638
366.906
367.172
367.54
367.784
368.341
368.456
368.821
368.973
369.075
369.194
369.5
369.404
369.961
369.541
369.242
368.928
368.916
368.332
368.177
367.714
367.397
367.19
366.845
366.419
366.192
366.015
365.227
365.309
364.664
364.34
364.064
363.528
363.301
362.982
362.337
361.95
361.979
361.485
361.174
360.895
360.35
360.004
359.741
359.292
358.721
358.553
358.102
358.149
357.65
357.236
356.9
356.788
356.401
356.184
355.853
355.789
355.471
355.456
355.004
354.85
354.893
354.731
354.431
354.301
354.105
354.083
353.736
353.51
353.354
353.286
353.317
353.075
353.1
352.992
352.746
352.801
352.504
352.709
352.577
352.484
352.788
352.695
352.664
352.588
352.692
352.625
352.46
352.911
352.901
352.635
352.662
352.352
352.261
352.497
352.131
352.171
352.09
351.929
351.739
351.541
351.499
351.292
351.009
351.102
350.581
350.702
350.415
350.077
349.782
349.997
349.687
349.532
349.372
349.003
348.855
348.551
348.53
348.353
348.401
348.166
347.931
348.145
347.541
347.787
347.765
347.761
347.91
347.676
347.851
347.815
347.917
347.739
348.158
348.117
348.342
348.793
348.771
348.847
348.899
349.32
349.567
349.736
350.049
350.343
350.627
350.942
351.22
351.71
352.095
352.213
352.783
353.164
353.136
353.621
353.905
353.896
354.192
354.598
354.872
355.073
355.578
355.715
356.114
356.52
356.688
357.006
357.449
357.905
358.394
359.076
359.551
360.413
360.939
361.231
362.154
362.4
363.012
363.706
363.85
364.192
364.851
365.417
365.973
366.243
367.018
367.493
367.981
368.552
368.845
369.018
369.653
370.219
370.752
371.473
371.67
372.313
373.002
373.545
374.095
375.089
375.347
375.951
376.92
377.557
378.353
378.843
379.543
380.213
381.077
381.964
382.499
383.402
384.306
385.001
385.916
386.448
387.19
387.967
388.948
389.603
390.534
391.045
391.891
392.724
393.316
394.522
394.715
395.729
396.604
397.267
398.273
398.838
399.548
400.092
400.839
401.761
402.459
402.787
403.349
404.237
404.755
405.449
405.579
406.265
407.156
407.582
408.208
408.538
408.962
409.685
410.079
410.488
410.96
411.712
412.044
412.456
412.811
413.03
413.56
414.033
414.043
414.563
415.039
415.197
415.573
416.175
416.478
416.767
417.087
417.243
417.448
417.722
418.354
418.219
418.504
418.934
419.139
419.576
419.421
419.759
420.081
420.309
420.62
420.771
420.628
420.977
421.133
421.553
421.523
421.801
422.004
422.191
422.391
422.2
422.485
422.716
422.591
422.791
423.05
422.913
422.717
423.058
423.057
423.18
423.604
423.194
423.222
423.46
423.258
423.537
423.344
423.458
423.151
423.208
423.565
423.452
423.237
423.271
423.376
423.282
423.285
423.228
423.073
423.064
423.104
423.117
422.92
423.147
422.938
422.87
423.005
422.837
422.622
422.824
422.524
422.728
422.278
422.332
422.226
422.086
421.886
421.529
421.584
421.34
421.244
421.418
421.262
421.189
421.177
421.258
421.141
421.335
421.033
421.195
421.084
420.841
420.588
420.583
420.122
419.832
419.734
419.612
419.322
418.88
418.967
418.599
418.436
417.895
417.872
417.315
416.956
416.498
416.351
415.809
415.329
415.074
414.162
413.855
413.354
412.989
412.089
411.904
411.395
410.551
409.893
409.291
408.789
407.983
407.544
407.023
406.111
405.648
404.912
404.188
403.499
402.771
402.536
401.54
401.214
400.644
399.654
399.078
398.649
397.764
397.022
396.834
396.077
395.265
394.388
393.699
392.792
391.87
390.981
390.245
389.197
388.223
387.485
386.609
385.741
384.574
383.937
382.782
381.686
380.797
379.789
378.499
377.709
376.43
375.396
374.22
373.027
371.612
370.567
369.39
368.24
367.123
365.695
364.498
363.319
361.89
360.899
359.347
358.153
356.849
355.37
354.291
352.66
351.52
350.327
348.838
347.661
346.332
345.002
343.682
342.207
341.26
339.851
338.322
337.201
336.034
334.834
333.739
332.245
331.006
329.726
328.644
327.294
326.163
324.974
323.875
322.552
321.519
320.448
319.442
318.363
317.222
315.937
315.217
314.183
313.015
311.921
310.8
310.018
309.039
308.13
307.335
306.14
305.384
304.349
303.624
302.727
302.049
300.919
299.981
299.424
298.614
297.74
296.842
295.9
294.966
294.218
293.415
292.581
291.769
290.765
289.871
289.072
288.252
287.288
286.489
285.765
284.822
284.041
282.833
282.305
281.689
280.937
280.161
279.014
278.357
277.393
276.744
276.063
275.126
274.461
273.742
272.66
271.991
270.827
270.192
269.117
268.084
267.304
266.378
265.364
264.644
263.349
262.642
261.752
260.779
259.854
258.862
258.033
257.065
256.2
255.055
254.075
253.367
252.245
251.528
250.529
249.898
249.021
248.212
247.226
246.555
245.658
245.016
244.487
243.244
242.904
242.382
241.297
241.046
240.083
240.064
239.253
238.649
238.402
237.846
237.148
237.057
236.478
236.135
235.83
235.36
235.383
235.031
234.498
234.395
233.972
233.628
233.57
233.443
233.275
233.015
232.591
232.243
232.174
231.564
231.512
231.439
231.299
230.807
230.485
230.51
230.362
230.512
230.432
230.334
230.589
230.462
230.245
230.238
230.221
230.429
230.169
230.198
230.256
230.608
230.4
230.205
230.154
229.851
230.182
230.173
230.085
229.998
229.884
229.761
229.888
229.922
229.45
229.394
229.087
229.09
229.214
228.796
229.122
228.822
228.59
228.365
228.416
228.325
228.131
227.915
228.003
228.177
228.283
228.214
228.339
228.679
228.633
228.893
229.094
229.086
229.31
229.829
230
229.968
230.243
230.542
230.982
231.216
231.452
231.879
231.951
232.467
232.901
233.094
233.557
233.864
234.305
234.449
234.898
235.339
235.744
236.181
236.539
236.961
237.487
237.775
238.096
238.741
239.222
239.662
240.284
240.803
241.138
241.806
242.274
243.079
243.633
244.268
244.785
245.736
246.441
247.091
248.063
248.89
249.696
250.512
251.358
252.417
253.219
254.158
255.282
256.02
257.001
258.21
259.211
260.124
261.306
262.16
263.233
264.623
265.499
266.54
267.527
268.415
269.48
270.704
271.325
272.254
273.446
274.312
275.337
276.454
277.354
278.178
279.467
280.237
281.378
282.403
283.415
284.603
285.531
286.636
287.833
288.737
289.85
291.22
292.13
293.167
294.412
295.402
296.927
297.808
299.213
300.439
301.767
303.07
304.559
305.75
307.283
308.787
310.255
311.755
313.249
314.6
316.238
317.656
319.096
320.658
321.943
323.348
324.8
326.511
327.637
329.077
330.58
331.955
333.366
334.43
335.755
337.002
338.322
339.672
340.801
342.344
343.233
344.395
345.509
346.594
347.684
348.774
349.96
350.941
352.134
352.972
354.274
355.521
356.784
357.602
358.928
359.937
360.564
361.812
362.749
363.857
364.643
365.704
366.827
367.437
368.536
369.407
370.352
371.386
372.458
373.444
374.264
374.715
375.845
376.417
377.247
378.353
379.443
380.184
381.144
382.521
382.912
383.866
385.044
386.149
387.016
388.185
388.949
389.929
390.699
391.485
392.35
393.383
394.178
395.034
395.744
396.651
397.465
398.263
398.692
399.512
400.543
401.355
402.041
402.787
403.639
404.326
404.801
405.73
406.55
407.28
408.167
408.742
409.597
410.2
411.04
411.676
412.636
413.279
414.059
414.806
415.535
416.414
417.411
417.817
418.701
419.529
420.483
421.233
422.019
422.686
423.609
424.495
425.243
425.936
426.791
427.652
428.563
429.225
430.195
430.87
431.602
432.387
433.163
433.962
434.933
435.536
436.207
437.214
438.296
438.904
439.851
440.795
441.715
442.424
443.625
444.252
445.476
446.353
447.445
448.265
449.432
450.239
451.101
452.028
453.07
454.12
454.931
456.141
457.077
457.96
459.11
460.012
461.199
462.04
463.363
464.094
465.209
466.322
467.144
468.281
469.06
469.802
471.01
471.767
472.69
473.704
474.555
475.35
476.013
477.148
477.818
478.735
479.51
480.344
481.105
481.763
482.527
483.071
483.34
483.867
484.034
484.436
484.673
484.996
485.356
485.667
485.71
486.118
486.147
486.329
486.522
486.583
486.697
486.656
486.907
486.843
487.113
486.946
487.084
487.12
487.048
487.197
487.451
487.514
487.722
487.77
487.936
488.099
488.243
488.42
488.826
489.081
489.223
489.508
489.964
490.309
490.494
491.341
491.566
492.1
492.55
493.095
493.137
493.715
494.202
494.544
494.799
495.254
495.464
495.592
496.081
496.337
496.23
496.564
496.411
496.647
496.657
496.986
497.268
496.931
497.099
496.951
497.131
496.512
496.697
496.378
496.468
496.289
495.91
495.786
495.495
495.243
494.716
494.653
494.372
494.023
493.474
493.222
492.911
492.381
491.972
491.372
490.837
490.045
489.535
488.248
487.777
486.433
485.881
484.898
483.679
482.821
481.951
480.934
480.067
478.721
477.631
476.744
475.679
474.282
473.36
471.943
471.172
469.877
468.719
467.507
466.374
465.182
463.715
462.754
461.567
460.133
459.16
458.112
457.108
455.8
454.517
453.438
452.395
451.637
450.291
448.995
448.168
447.181
446.095
444.933
444.189
443.084
442.232
441.449
440.575
439.546
438.766
437.988
437.004
436.288
435.312
434.839
433.766
433.091
432.445
431.674
431.143
430.113
429.584
428.695
428.129
427.466
427.359
426.456
425.736
425.028
424.286
423.77
423.219
422.483
421.925
421.338
420.742
420.029
419.31
418.851
418.732
418.156
417.361
417.251
416.568
416.322
415.463
415.374
414.808
414.341
414.212
413.815
413.419
413.33
413.179
413.062
412.702
412.608
412.35
412.209
412.356
411.938
411.77
411.65
411.529
411.633
411.579
411.374
411.654
411.444
411.564
411.317
411.657
411.824
411.712
411.714
411.716
411.889
411.949
412.168
412.008
412.243
412.102
412.546
412.245
412.701
412.829
412.976
412.895
413.11
413.339
413.5
413.392
413.656
414.007
414.131
414.355
414.402
414.619
414.805
414.918
415.359
415.346
415.87
415.955
416.269
416.515
416.992
417.165
417.54
417.717
418.139
418.642
418.751
419.199
419.138
419.561
419.786
420.083
420.423
420.567
420.748
421.243
421.496
421.259
421.838
421.874
421.909
422.112
422.402
422.37
422.685
422.796
422.474
422.494
422.412
422.269
422.046
421.802
421.835
421.58
421.303
420.978
421.029
420.625
420.417
419.938
419.667
419.365
419.019
418.631
418.174
417.949
417.474
417.196
416.812
416.404
416.103
415.597
415.43
414.942
414.462
414.134
413.563
413.307
413.059
412.451
412.184
411.728
411.242
411.089
410.534
410.136
409.928
409.52
409.178
409.096
408.593
408.472
408.112
407.717
407.695
407.399
407.516
407.23
407.19
407.238
406.935
406.967
407.025
407.151
407.211
407.342
407.596
408.03
408.065
408.129
408.544
408.525
408.875
409.289
409.361
409.653
409.834
410.398
410.612
410.695
411.126
411.274
411.307
411.505
411.81
411.602
411.852
412.066
411.989
411.994
411.649
411.26
410.837
410.482
410.039
409.743
409.354
408.905
408.424
408.155
407.761
407.143
406.783
406.518
405.882
405.673
405.176
404.684
404.232
403.536
403.341
402.787
402.13
401.748
401.263
400.969
400.594
399.809
399.525
399.175
398.472
398.2
397.785
397.275
396.775
396.157
395.849
395.177
394.65
394.292
393.617
393.156
392.423
392.055
391.428
390.981
390.246
389.787
389.038
388.555
387.684
387.21
386.511
385.871
385.267
384.693
383.827
383.182
382.639
381.49
380.692
379.83
379.034
378.066
377.082
376.378
375.326
374.262
373.366
372.59
371.592
370.688
369.688
368.826
368.255
367.41
366.47
365.847
365.066
364.369
363.445
362.774
362.006
361.376
360.678
359.808
359.066
358.413
357.861
357.214
356.367
355.826
355.15
354.537
354.179
353.345
352.773
352.323
351.803
351.395
350.91
350.521
350.14
349.734
349.511
349.009
348.774
348.606
348.224
347.884
347.593
347.164
346.967
346.776
346.518
346.215
345.91
345.858
345.648
345.396
345.141
345.029
345.09
344.817
344.681
344.416
344.392
344.371
344.387
344.447
344.279
344.361
344.195
344.174
343.972
344.052
344.206
344.439
344.817
345.005
345.43
345.414
346.01
346.655
346.977
347.603
348.105
348.763
349.214
349.85
350.473
351.289
351.706
352.826
353.278
354.196
355.058
355.678
356.246
357.265
358.313
359.181
360.169
361.068